{
 "cells": [
  {
   "cell_type": "markdown",
   "metadata": {},
   "source": [
    "# The Purpose of this notebook is to a quick evaluation of embeddings in a SIF model to see how well they predict a few examples of n2c2 data"
   ]
  },
  {
   "cell_type": "code",
   "execution_count": 31,
   "metadata": {},
   "outputs": [
    {
     "name": "stdout",
     "output_type": "stream",
     "text": [
      "Spacy version : 2.0.18\n"
     ]
    }
   ],
   "source": [
    "import os\n",
    "import sys\n",
    "\n",
    "import pickle\n",
    "\n",
    "import pandas as pd\n",
    "\n",
    "import numpy as np\n",
    "\n",
    "import seaborn as sns\n",
    "\n",
    "from sklearn.decomposition import TruncatedSVD\n",
    "from sklearn.externals import joblib\n",
    "from sklearn.metrics import pairwise_distances\n",
    "\n",
    "import spacy\n",
    "print('Spacy version : {}'.format(spacy.__version__))"
   ]
  },
  {
   "cell_type": "code",
   "execution_count": 32,
   "metadata": {},
   "outputs": [],
   "source": [
    "sys.path.append('../src')\n",
    "import data_io, params, SIF_embedding\n",
    "from SIF_embedding import get_weighted_average"
   ]
  },
  {
   "cell_type": "code",
   "execution_count": 33,
   "metadata": {},
   "outputs": [],
   "source": [
    "# input\n",
    "wordfile = '../data/glove.840B.300d.txt' # word vector file, can be downloaded from GloVe website\n",
    "weightfile = '../auxiliary_data/enwiki_vocab_min200.txt' # each line is a word and its frequency\n",
    "weightpara = 1e-3 # the parameter in the SIF weighting scheme, usually in the range [3e-5, 3e-3]\n",
    "rmpc = 1 # number of principal components to remove in SIF weighting scheme\n",
    "sentences = ['this is an example sentence', 'this is another sentence that is slightly longer']"
   ]
  },
  {
   "cell_type": "code",
   "execution_count": 34,
   "metadata": {},
   "outputs": [
    {
     "name": "stdout",
     "output_type": "stream",
     "text": [
      "Loading Glove Model\n",
      "Current line count : 0\n",
      "Current line count : 10000\n",
      "Current line count : 20000\n",
      "Current line count : 30000\n",
      "Current line count : 40000\n",
      "Current line count : 50000\n",
      "Current line count : 60000\n",
      "Current line count : 70000\n",
      "Current line count : 80000\n",
      "Current line count : 90000\n",
      "Current line count : 100000\n",
      "Current line count : 110000\n",
      "Current line count : 120000\n",
      "Current line count : 130000\n",
      "Current line count : 140000\n",
      "Current line count : 150000\n",
      "Current line count : 160000\n",
      "Current line count : 170000\n",
      "Current line count : 180000\n",
      "Current line count : 190000\n",
      "Current line count : 200000\n",
      "Current line count : 210000\n",
      "Current line count : 220000\n",
      "Current line count : 230000\n",
      "Current line count : 240000\n",
      "Current line count : 250000\n",
      "Current line count : 260000\n",
      "Current line count : 270000\n",
      "Current line count : 280000\n",
      "Current line count : 290000\n",
      "Current line count : 300000\n",
      "Current line count : 310000\n",
      "Current line count : 320000\n",
      "Current line count : 330000\n",
      "Current line count : 340000\n",
      "Current line count : 350000\n",
      "Current line count : 360000\n",
      "Current line count : 370000\n",
      "Current line count : 380000\n",
      "Current line count : 390000\n",
      "Current line count : 400000\n",
      "Current line count : 410000\n",
      "Current line count : 420000\n",
      "Current line count : 430000\n",
      "Current line count : 440000\n",
      "Current line count : 450000\n",
      "Current line count : 460000\n",
      "Current line count : 470000\n",
      "Current line count : 480000\n",
      "Current line count : 490000\n",
      "Current line count : 500000\n",
      "Current line count : 510000\n",
      "Current line count : 520000\n",
      "Current line count : 530000\n",
      "Current line count : 540000\n",
      "Current line count : 550000\n",
      "Current line count : 560000\n",
      "Current line count : 570000\n",
      "Current line count : 580000\n",
      "Current line count : 590000\n",
      "Current line count : 600000\n",
      "Current line count : 610000\n",
      "Current line count : 620000\n",
      "Current line count : 630000\n",
      "Current line count : 640000\n",
      "Current line count : 650000\n",
      "Current line count : 660000\n",
      "Current line count : 670000\n",
      "Current line count : 680000\n",
      "Current line count : 690000\n",
      "Current line count : 700000\n",
      "Current line count : 710000\n",
      "Current line count : 720000\n",
      "Current line count : 730000\n",
      "Current line count : 740000\n",
      "Current line count : 750000\n",
      "Current line count : 760000\n",
      "Current line count : 770000\n",
      "Current line count : 780000\n",
      "Current line count : 790000\n",
      "Current line count : 800000\n",
      "Current line count : 810000\n",
      "Current line count : 820000\n",
      "Current line count : 830000\n",
      "Current line count : 840000\n",
      "Current line count : 850000\n",
      "Current line count : 860000\n",
      "Current line count : 870000\n",
      "Current line count : 880000\n",
      "Current line count : 890000\n",
      "Current line count : 900000\n",
      "Current line count : 910000\n",
      "Current line count : 920000\n",
      "Current line count : 930000\n",
      "Current line count : 940000\n",
      "Current line count : 950000\n",
      "Current line count : 960000\n",
      "Current line count : 970000\n",
      "Current line count : 980000\n",
      "Current line count : 990000\n",
      "Current line count : 1000000\n",
      "Current line count : 1010000\n",
      "Current line count : 1020000\n",
      "Current line count : 1030000\n",
      "Current line count : 1040000\n",
      "Current line count : 1050000\n",
      "Current line count : 1060000\n",
      "Current line count : 1070000\n",
      "Current line count : 1080000\n",
      "Current line count : 1090000\n",
      "Current line count : 1100000\n",
      "Current line count : 1110000\n",
      "Current line count : 1120000\n",
      "Current line count : 1130000\n",
      "Current line count : 1140000\n",
      "Current line count : 1150000\n",
      "Current line count : 1160000\n",
      "Current line count : 1170000\n",
      "Current line count : 1180000\n",
      "Current line count : 1190000\n",
      "Current line count : 1200000\n",
      "Current line count : 1210000\n",
      "Current line count : 1220000\n",
      "Current line count : 1230000\n",
      "Current line count : 1240000\n",
      "Current line count : 1250000\n",
      "Current line count : 1260000\n",
      "Current line count : 1270000\n",
      "Current line count : 1280000\n",
      "Current line count : 1290000\n",
      "Current line count : 1300000\n",
      "Current line count : 1310000\n",
      "Current line count : 1320000\n",
      "Current line count : 1330000\n",
      "Current line count : 1340000\n",
      "Current line count : 1350000\n",
      "Current line count : 1360000\n",
      "Current line count : 1370000\n",
      "Current line count : 1380000\n",
      "Current line count : 1390000\n",
      "Current line count : 1400000\n",
      "Current line count : 1410000\n",
      "Current line count : 1420000\n",
      "Current line count : 1430000\n",
      "Current line count : 1440000\n",
      "Current line count : 1450000\n",
      "Current line count : 1460000\n",
      "Current line count : 1470000\n",
      "Current line count : 1480000\n",
      "Current line count : 1490000\n",
      "Current line count : 1500000\n",
      "Current line count : 1510000\n",
      "Current line count : 1520000\n",
      "Current line count : 1530000\n",
      "Current line count : 1540000\n",
      "Current line count : 1550000\n",
      "Current line count : 1560000\n",
      "Current line count : 1570000\n",
      "Current line count : 1580000\n",
      "Current line count : 1590000\n",
      "Current line count : 1600000\n",
      "Current line count : 1610000\n",
      "Current line count : 1620000\n",
      "Current line count : 1630000\n",
      "Current line count : 1640000\n",
      "Current line count : 1650000\n",
      "Current line count : 1660000\n",
      "Current line count : 1670000\n",
      "Current line count : 1680000\n",
      "Current line count : 1690000\n",
      "Current line count : 1700000\n",
      "Current line count : 1710000\n",
      "Current line count : 1720000\n",
      "Current line count : 1730000\n",
      "Current line count : 1740000\n",
      "Current line count : 1750000\n",
      "Current line count : 1760000\n",
      "Current line count : 1770000\n",
      "Current line count : 1780000\n",
      "Current line count : 1790000\n",
      "Current line count : 1800000\n",
      "Current line count : 1810000\n",
      "Current line count : 1820000\n",
      "Current line count : 1830000\n",
      "Current line count : 1840000\n",
      "Current line count : 1850000\n",
      "Current line count : 1860000\n",
      "Current line count : 1870000\n",
      "Current line count : 1880000\n",
      "Current line count : 1890000\n",
      "Current line count : 1900000\n",
      "Current line count : 1910000\n",
      "Current line count : 1920000\n",
      "Current line count : 1930000\n",
      "Current line count : 1940000\n",
      "Current line count : 1950000\n",
      "Current line count : 1960000\n",
      "Current line count : 1970000\n",
      "Current line count : 1980000\n",
      "Current line count : 1990000\n",
      "Current line count : 2000000\n",
      "Current line count : 2010000\n",
      "Current line count : 2020000\n",
      "Current line count : 2030000\n",
      "Current line count : 2040000\n",
      "Current line count : 2050000\n",
      "Current line count : 2060000\n",
      "Current line count : 2070000\n",
      "Current line count : 2080000\n",
      "Current line count : 2090000\n",
      "Current line count : 2100000\n",
      "Current line count : 2110000\n",
      "Current line count : 2120000\n",
      "Current line count : 2130000\n",
      "Current line count : 2140000\n",
      "Current line count : 2150000\n",
      "Current line count : 2160000\n",
      "Current line count : 2170000\n",
      "Current line count : 2180000\n",
      "Current line count : 2190000\n",
      "Done.\n",
      "2195895 words loaded!\n"
     ]
    }
   ],
   "source": [
    "# load word vectors\n",
    "#(words, We) = data_io.getWordmap(wordfile)\n",
    "(words, We) = data_io.load_glove_word_map(wordfile)"
   ]
  },
  {
   "cell_type": "code",
   "execution_count": 35,
   "metadata": {},
   "outputs": [],
   "source": [
    "# load word weights\n",
    "word2weight = data_io.getWordWeight(weightfile, weightpara) # word2weight['str'] is the weight for the word 'str'\n",
    "weight4ind = data_io.getWeight(words, word2weight) # weight4ind[i] is the weight for the i-th word"
   ]
  },
  {
   "cell_type": "code",
   "execution_count": 36,
   "metadata": {},
   "outputs": [],
   "source": [
    "# set parameters\n",
    "sif_params = params.params()\n",
    "sif_params.rmpc = rmpc"
   ]
  },
  {
   "cell_type": "code",
   "execution_count": 37,
   "metadata": {},
   "outputs": [],
   "source": [
    "class SIFModel(object):\n",
    "    def __init__(self):\n",
    "        self.trained = False\n",
    "        self.svd = None\n",
    "        self.word_map = None\n",
    "        self.params = params\n",
    "        \n",
    "    def save(self, filename):\n",
    "        components = [self.word_map, self.weight4ind, self.params, self.svd]\n",
    "        joblib.dump(components, filename)\n",
    "        \n",
    "    def load(self, filename):\n",
    "        components = joblib.load(filename)\n",
    "        self.trained = True\n",
    "        self.word_map = components[0]\n",
    "        self.weight4ind = components[1]\n",
    "        self.params = components[2]\n",
    "        self.svd = components[3]\n",
    "\n",
    "    def transform(self, We, sentences):\n",
    "        x, m = data_io.sentences2idx(sentences, self.word_map) # x is the array of word indices, m is the binary mask indicating whether there is a word in that location\n",
    "        w = data_io.seq2weight(x, m, self.weight4ind) # get word weights\n",
    "        weighted_emb = get_weighted_average(We, x, w)\n",
    "        # now use the model we've already loaded\n",
    "        return self.remove_pc(weighted_emb)\n",
    "        \n",
    "    def compute_pc(self, X):\n",
    "        # this is what happens in compute_pc() in src/SIF_embedding.py\n",
    "        self.svd = TruncatedSVD(n_components=self.params.rmpc, n_iter=7, random_state=0)\n",
    "        self.svd.fit(X)\n",
    "        \n",
    "    def remove_pc(self, X):\n",
    "        pc = self.svd.components_\n",
    "        \n",
    "        if self.params.rmpc == 1:\n",
    "            XX = X - X.dot(pc.transpose()) * pc\n",
    "        else:\n",
    "            XX = X - X.dot(pc.transpose()).dot(pc)\n",
    "            \n",
    "        return XX\n",
    "        \n",
    "    def fit(self, sentences, We, params, word_map, weight4ind):\n",
    "        \n",
    "        # store these off for pickling or extra transforms\n",
    "        self.word_map = word_map\n",
    "        self.weight4ind = weight4ind\n",
    "        self.params = params\n",
    "        \n",
    "        x, m = data_io.sentences2idx(training_sentences, self.word_map) # x is the array of word indices, m is the binary mask indicating whether there is a word in that location\n",
    "        w = data_io.seq2weight(x, m, self.weight4ind) # get word weights\n",
    "        \n",
    "        # now let's do some of what happens in src/SIF_embedding.py\n",
    "        # but also keep some pieces along the way\n",
    "        weighted_emb = get_weighted_average(We, x, w)\n",
    "        \n",
    "        self.compute_pc(weighted_emb)\n",
    "        \n",
    "        self.trained = True\n",
    "        \n",
    "        return self.remove_pc(weighted_emb)"
   ]
  },
  {
   "cell_type": "code",
   "execution_count": 38,
   "metadata": {},
   "outputs": [
    {
     "name": "stdout",
     "output_type": "stream",
     "text": [
      "Preparing to train a model to be stored at: SIF_glove.840B.300d.joblib\n"
     ]
    }
   ],
   "source": [
    "# SIF filename\n",
    "SIF_JOBLIB_FILE_NAME = 'SIF_{0}.joblib'.format(os.path.splitext(os.path.basename(wordfile))[0])\n",
    "\n",
    "print('Preparing to train a model to be stored at: {}'.format(SIF_JOBLIB_FILE_NAME))"
   ]
  },
  {
   "cell_type": "code",
   "execution_count": 39,
   "metadata": {},
   "outputs": [
    {
     "name": "stdout",
     "output_type": "stream",
     "text": [
      "SIF model loaded...\n"
     ]
    }
   ],
   "source": [
    "loaded_sif_model = SIFModel()\n",
    "loaded_sif_model.load(SIF_JOBLIB_FILE_NAME)\n",
    "\n",
    "print('SIF model loaded...')"
   ]
  },
  {
   "cell_type": "code",
   "execution_count": 40,
   "metadata": {},
   "outputs": [],
   "source": [
    "example_sentences = [\n",
    "    # 5\n",
    "    \"Albuterol [PROVENTIL/VENTOLIN] 90 mcg/Act HFA Aerosol 2 puffs by inhalation every 4 hours as needed.\",\n",
    "    \"Albuterol [PROVENTIL/VENTOLIN] 90 mcg/Act HFA Aerosol 1-2 puffs by inhalation every 4 hours as needed #1 each.\",\n",
    "\n",
    "    # 4\n",
    "    \"Discussed goals, risks, alternatives, advanced directives, and the necessity of other members of the surgical team participating in the procedure with the patient.\",\n",
    "    \"Discussed risks, goals, alternatives, advance directives, and the necessity of other members of the healthcare team participating in the procedure with the patient and his mother\",\n",
    "    \n",
    "\n",
    "    # 3\n",
    "    \"Cardiovascular assessment findings include heart rate normal, Heart rhythm, atrial fibrillation with controlled ventricular response.\",\n",
    "    \"Cardiovascular assessment findings include heart rate, bradycardic, Heart rhythm, first degree AV Block.\",\n",
    "\n",
    "    # 2\n",
    "    \"Discussed risks, goals, alternatives, advance directives, and the necessity of other members of the healthcare team participating in the procedure with (patient) (legal representative and others present during the discussion).\",\n",
    "    \"We discussed the low likelihood that a blood transfusion would be required during the postoperative period and the necessity of other members of the surgical team participating in the procedure.\",\n",
    "    \n",
    "    # 1\n",
    "    \"No: typical 'cold' symptoms; fever present (greater than or equal to 100.4 F or 38 C) or suspected fever; rash; white patches on lips, tongue or mouth (other than throat); blisters in the mouth; swollen or 'bull' neck; hoarseness or lost voice or ear pain\",\n",
    "    \"New wheezing or chest tightness, runny or blocked nose, or discharge down the back of the throat, hoarseness or lost voice.\",\n",
    "    \n",
    "    # 0\n",
    "    \"The risks and benefits of the procedure were discussed, and the patient consented to this procedure.\",\n",
    "    \"The content of this note has been reproduced, signed by an authorized physician in the space above, and mailed to the patient's parents, the patient's home care company.\"\n",
    "]"
   ]
  },
  {
   "cell_type": "code",
   "execution_count": 41,
   "metadata": {},
   "outputs": [],
   "source": [
    "embeddings = loaded_sif_model.transform(We, example_sentences)"
   ]
  },
  {
   "cell_type": "code",
   "execution_count": 42,
   "metadata": {},
   "outputs": [],
   "source": [
    "def plot_similarity(labels, features, rotation):\n",
    "  #corr = np.inner(features, features)\n",
    "  corr = features\n",
    "  sns.set(font_scale=1.2)\n",
    "  g = sns.heatmap(\n",
    "      corr*5,\n",
    "      xticklabels=[label[:20] for label in labels],\n",
    "      yticklabels=[label[:20] for label in labels],\n",
    "      vmin=0,\n",
    "      vmax=5,\n",
    "      cmap=\"YlOrRd\",\n",
    "      annot=True)\n",
    "  g.set_xticklabels([label[:20] for label in labels], rotation=rotation)\n",
    "  g.set_title(\"Semantic Textual Similarity\")"
   ]
  },
  {
   "cell_type": "code",
   "execution_count": 43,
   "metadata": {},
   "outputs": [],
   "source": [
    "cosine_distances = pairwise_distances(embeddings, metric='cosine')"
   ]
  },
  {
   "cell_type": "code",
   "execution_count": 44,
   "metadata": {},
   "outputs": [],
   "source": [
    "cosine_similarity = 1.0 - cosine_distances"
   ]
  },
  {
   "cell_type": "code",
   "execution_count": 45,
   "metadata": {},
   "outputs": [
    {
     "name": "stdout",
     "output_type": "stream",
     "text": [
      "[[1.         0.96589565 0.37746291 0.33839026 0.31662834 0.3662552\n",
      "  0.38909437 0.19846228 0.49072446 0.4863275  0.34270594 0.39936194]\n",
      " [0.96589565 1.         0.35758138 0.32503901 0.26755254 0.33491771\n",
      "  0.36968586 0.20838907 0.45273119 0.45163043 0.31327152 0.37662528]\n",
      " [0.37746291 0.35758138 1.         0.94259821 0.52056688 0.71897442\n",
      "  0.94104933 0.68021714 0.754407   0.55447561 0.8656341  0.83360532]\n",
      " [0.33839026 0.32503901 0.94259821 1.         0.4882647  0.69974445\n",
      "  0.95932377 0.71473087 0.73880165 0.54703266 0.89247735 0.86462142]\n",
      " [0.31662834 0.26755254 0.52056688 0.4882647  1.         0.77177331\n",
      "  0.46539361 0.56308705 0.44714173 0.44750668 0.57139499 0.40227718]\n",
      " [0.3662552  0.33491771 0.71897442 0.69974445 0.77177331 1.\n",
      "  0.71559608 0.52703737 0.68436151 0.55924425 0.68578062 0.6804117 ]\n",
      " [0.38909437 0.36968586 0.94104933 0.95932377 0.46539361 0.71559608\n",
      "  1.         0.61428827 0.81653021 0.58232219 0.8445078  0.9016222 ]\n",
      " [0.19846228 0.20838907 0.68021714 0.71473087 0.56308705 0.52703737\n",
      "  0.61428827 1.         0.3788565  0.35768016 0.71589248 0.48799324]\n",
      " [0.49072446 0.45273119 0.754407   0.73880165 0.44714173 0.68436151\n",
      "  0.81653021 0.3788565  1.         0.82447031 0.6908175  0.79289263]\n",
      " [0.4863275  0.45163043 0.55447561 0.54703266 0.44750668 0.55924425\n",
      "  0.58232219 0.35768016 0.82447031 1.         0.55192988 0.59017644]\n",
      " [0.34270594 0.31327152 0.8656341  0.89247735 0.57139499 0.68578062\n",
      "  0.8445078  0.71589248 0.6908175  0.55192988 1.         0.77262861]\n",
      " [0.39936194 0.37662528 0.83360532 0.86462142 0.40227718 0.6804117\n",
      "  0.9016222  0.48799324 0.79289263 0.59017644 0.77262861 1.        ]]\n"
     ]
    }
   ],
   "source": [
    "print(cosine_similarity)"
   ]
  },
  {
   "cell_type": "code",
   "execution_count": 46,
   "metadata": {},
   "outputs": [
    {
     "data": {
